
Ybus:

row 0: (0, -17.361)  (1, 0.0301407)  (6, 17.3611)  (7, -0.0301407)
row 1: (0, 0.0301407)  (1, 17.361)  (6, -0.0301407)  (7, -17.3611)
row 2: (2, -15.9999)  (3, 0.0255999)  (12, 16.)  (13, -0.0255999)
row 3: (2, 0.0255999)  (3, 15.9999)  (12, -0.0255999)  (13, -16.)
row 4: (4, -17.0647)  (5, 0.0291208)  (16, 17.0648)  (17, -0.0291208)
row 5: (4, 0.0291208)  (5, 17.0647)  (16, -0.0291208)  (17, -17.0648)
row 6: (0, 17.3611)  (1, -0.0301407)  (6, -39.3088)  (7, 3.33752)  (8, 11.6041)  (9, -1.36519)  (10, 10.5107)  (11, -1.94219)
row 7: (0, -0.0301407)  (1, -17.3611)  (6, 3.33752)  (7, 39.3088)  (8, -1.36519)  (9, -11.6041)  (10, -1.94219)  (11, -10.5107)
row 8: (6, 11.6041)  (7, -1.36519)  (8, -17.3382)  (9, 2.55279)  (12, 5.97513)  (13, -1.1876)
row 9: (6, -1.36519)  (7, -11.6041)  (8, 2.55279)  (9, 17.3382)  (12, -1.1876)  (13, -5.97513)
row 10: (6, 10.5107)  (7, -1.94219)  (10, -15.8409)  (11, 3.2242)  (16, 5.58824)  (17, -1.28201)
row 11: (6, -1.94219)  (7, -10.5107)  (10, 3.2242)  (11, 15.8409)  (16, -1.28201)  (17, -5.58824)
row 12: (2, 16.)  (3, -0.0255999)  (8, 5.97513)  (9, -1.1876)  (12, -35.4455)  (13, 2.83033)  (14, 13.698)  (15, -1.61712)
row 13: (2, -0.0255999)  (3, -16.)  (8, -1.1876)  (9, -5.97513)  (12, 2.83033)  (13, 35.4455)  (14, -1.61712)  (15, -13.698)
row 14: (12, 13.698)  (13, -1.61712)  (14, -23.3032)  (15, 2.77221)  (16, 9.78427)  (17, -1.15509)
row 15: (12, -1.61712)  (13, -13.698)  (14, 2.77221)  (15, 23.3032)  (16, -1.15509)  (17, -9.78427)
row 16: (4, 17.0648)  (5, -0.0291208)  (10, 5.58824)  (11, -1.28201)  (14, 9.78427)  (15, -1.15509)  (16, -32.1538)  (17, 2.46622)
row 17: (4, -0.0291208)  (5, -17.0648)  (10, -1.28201)  (11, -5.58824)  (14, -1.15509)  (15, -9.78427)  (16, 2.46622)  (17, 32.1538)



V0:

1.04
0.
1.01159
0.165286
1.0216
0.0833581
1.02494
-0.0396729
0.99311
-0.0692681
1.01046
-0.0651337
1.02347
0.0665269
1.01568
0.012875
1.03165
0.0354104

